-621
-446
748
474
-638
-880
569
-284
-25
-319
998
-273
389
-210
-267
-534
469
-442
-499
689
-273
-57
-221
-214
-808
-90
-330
-167
-683
-854
-662
543
16
193
-534
-915
229
-316
110
-503
357
-194
456
-118
955
649
-165
603
26
312
-21
-541
318
-760
646
766
-316
829
-370
-401
460
805
465
95
867
-814
-628
611
171
320
-217
98
-382
-979
703
-988
80
-387
-991
111
979
-148
698
-554
163
-706
-570
-563
787
867
631
-951
871
-97
-750
-280
857
444
191
63
83
287
739
260
727
870
545
633
663
680
-798
324
763
297
740
-651
-647
769
-180
163
852
-844
460
511
-725
-534
-435
-256
192
-957
107
-925
-746
-346
463
-786
169
-929
0
621
999
650
-546
-682
-657
198
144
488
630
-112
849
-706
-747
262
-635
-332
294
-930
864
-511
-158
753
-235
-850
372
-207
-225
689
959
-219
-951
-522
782
-875
-362
910
956
-469
913
-957
627
423
624
179
-860
425
310
-418
-807
351
-562
-982
-691
766
526
-99
275
634
-919
147
-373
-669
134
-683
-396
-482
-288
-844
108
-45
260
-437
884
953
-901
156
-817
819
-788
172
-609
-762
915
-862
-390
453
-546
-937
946
-595
875
52
-265
983
906
122
-41
792
-27
362
587
810
354
720
83
-637
310
-694
-671
792
-542
-20
202
-772
-492
-107
-955
-381
-672
-762
-730
393
735
-395
-636
927
-524
-511
734
715
802
-682
-303
-389
-416
-705
-943
93
-375
-800
-953
-623
638
666
-909
368
517
-174
680
997
-861
895
30
190
824
-499
872
-214
-831
389
468
861
-586
563
-982
-442
-707
694
-711
134
-995
908
77
-712
-192
-499
-579
-745
-925
-32
-646
747
88
867
-594
-309
395
924
132
-389
-728
652
848
105
-634
-127
655
-724
-713
-68
-342
-215
-508
-517
-563
663
981
-369
-801
296
408
842
936
214
85
-142
980
597
783
803
-949
-619
26
-771
957
-615
-455
520
232
574
83
649
942
-600
-786
725
164
72
-365
65
-662
-548
-182
466
312
-585
754
-311
-527
-339
160
59
-445
-242
-859
-310
-721
-565
427
-237
-99
686
-91
95
818
385
-112
676
570
-983
706
678
645
985
951
-403
146
308
-323
548
516
-803
-466
354
-662
-918
-718
-781
948
299
-681
-141
87
530
-294
-607
111
-550
565
121
-8
428
-660
-36
-177
-532
-467
-263
623
769
147
987
381
-936
-499
-404
-620
371
-169
118
491
-678
-127
-945
-515
-49
621
31
-956
867
632
-165
41
-338
-849
-464
479
-977
881
-874
-300
-891
924
-573
-8
186
-511
178
673
577
-878
559
-160
407
-930
-410
-683
-275
-735
-636
-9
-797
-439
86
598
-990
705
620
867
581
-855
254
-887
-679
-279
161
-330
-216
-234
242
-16
78
210
-924
69
760
-522
-58
327
-443
-39
-885
-779
-416
-836
-615
-683
-308
32
-937
385
-379
65
843
-635
-426
715
-908
-366
388
183
-832
611
-569
604
576
-845
892
-746
89
-218
83
992
-629
-348
-555
-167
-515
-368
-895
125
327
85
-312
711
-385
988
216
-455
-757
253
-171
-73
-170
-632
-374
-974
578
972
-132
-114
-5
474
866
-900
842
-896
-232
-951
-370
494
329
687
990
917
-631
490
-717
530
780
811
755
-707
-2
-727
596
-657
-169
-91
-531
-458
-691
-49
366
214
-849
740
-151
-210
-904
381
-691
-621
120
-119
-999
972
66
897
549
-931
-529
321
884
-332
-917
581
572
903
-355
-853
256
36
139
-638
-598
95
363
579
586
826
270
-270
499
536
667
332
-325
750
979
515
358
-542
932
598
757
-807
-413
-954
858
-69
-656
-403
-937
-726
-662
-880
798
-776
-396
741
-391
-778
-308
-416
170
241
-165
-126
-309
-859
614
510
-851
67
728
371
-887
332
309
701
-452
-661
387
-677
380
-278
-309
56
235
-762
158
816
594
142
-433
-480
38
-460
-826
-446
100
-810
785
383
-646
292
609
-164
566
691
855
-839
-775
-188
-342
-400
-939
248
-713
842
891
796
989
99
334
-606
-598
-52
559
502
-840
-370
-935
587
608
-277
144
-698
3
143
87
-471
637
883
-534
305
-275
420
-167
115
769
-518
-567
826
740
-900
-511
-562
-738
614
-319
-278
-301
820
-881
419
-998
-297
935
45
-734
-89
523
-744
370
-847
-657
46
85
-22
-712
736
-413
-430
-724
35
-21
293
-415
628
-733
-402
593
-684
-873
-948
-584
424
947
335
-868
234
-312
713
332
-325
827
99
-337
-456
-838
434
883
-325
-508
285
-181
904
715
-145
-483
970
586
-178
-523
-824
711
-533
-31
988
-31
-787
885
109
-515
87
593
-506
-169
680
-268
72
-936
662
695
138
-206
890
709
-70
876
-71
-202
866
-50
-210
508
-535
645
-334
-585
-106
154
774
586
184
-198
-723
753
310
14
948
847
-567
77
-262
-835
-264
854
235
-420
-359
-679
-881
54
-381
389
91
-648
872
-697
-38
3
-923
395
780
617
-503
717
998
621
877
562
29
-459
-298
-587
210
-896
-23
338
8
317
86
96
488
-969
429
-259
-600
-829
855
-506
125
-645
867
634
839
855
-143
-14
163
-874
-905
-292
399
98
-24
-31
328
692
263
721
-23
-461
-913
671
-189
594
-107
-851
233
-388
150
-551
891
-796
492
119
387
-84
352
295
405
-181
759
3
-391
-713
-377
819
807
221
901
776
253
-891
740
-555
-178
-279
11
-441
-315
821
-985
-918
-45
-94
-170
156
-546
-838
83
-994
566
-890
-682
-956
-949
876
540
-36
-928
-646
588
838
-222
-115
914
499
723
512
677
-778
441
-568
731
741
-529
-319
159
-147
-852
-556
936
169
-804
-720
-634
983
-547
-630
895
593
-492
-131
430
290
-417
-535
999
92
165
-572
-818
942
771
-428
352
695
307
865
653
374
-830
-891
813
-742
811
-271
896
28
-123
518
-121
-184
-34
414
-829
574
-967
-562
-336
916
773
54
974
332
-971
-387
-795
-850
-960
-838
636
686
-198
492
-609
423
-370
-278
548
-305
-527
308
-293
-824
-749
1000
-787
-315
831
889
347
-913
620
-163
-611
57
-88
-83
395
-262
-541
647
576
562
-336
669
123
-747
95
639
-886
-702
225
226
-382
-102
-618
-993
852
172
12
390
-989
-344
1
-158
-333
85
691
836
-706
-227
-686
-743
-652
78
-538
-284
733
511
-654
733
-718
-539
-297
498
-879
-617
340
188
277
-609
452
12
-107
853
-585
-244
-551
442
-766
-284
301
746
-687
-200
718
869
-514
-559
-33
139
-7
-881
-861
110
315
-661
-497
-787
-684
-99
-664
-249
108
311
252
-416
829
878
18
-293
490
-102
339
-171
-370
-303
853
369
113
155
-402
261
604
532
668
478
-699
-789
-176
152
461
883
-484
-283
-724
838
371
437
409
-378
808
-985
-6
213
352
-877
-605
-509
-933
-680
810
651
-829
-71
-45
-178
257
-899
743
564
664
391
638
-519
711
307
-412
640
307
-319
-207
-972
-595
53
-131
-518
-692
911
455
-662
77
-982
-379
-31
506
-874
-462
709
434
-431
304
-658
-374
297
-832
-837
-796
-907
-237
751
391
-236
-922
245
-214
-685
-932
21
-297
655
360
766
-758
64
936
-106
442
267
53
778
882
278
484
983
844
177
-660
512
-565
-295
-149
197
-777
812
68
544
-415
350
-360
-364
298
494
-124
-586
827
-885
-27
197
95
440
663
-20
429
179
620
-336
-33
-493
149
-771
-762
325
-508
-248
-66
-117
-721
59
328
-490
-287
128
383
248
981
294
736
-871
790
397
-146
-832
988
139
-199
776
884
-444
422
-798
-202
-619
347
441
-839
677
-77
-538
942
797
193
-550
749
289
-479
-582
859
31
-721
-628
280
-250
130
-346
612
688
129
-370
-966
-929
-93
598
458
905
-108
-656
922
475
862
-785
-757
-124
754
-865
-699
-599
-950
-315
-841
369
-838
-587
923
-243
610
-222
330
-317
183
856
917
-634
-104
965
6
100
-845
382
165
644
-300
239
835
786
233
583
759
-257
-925
407
-509
920
-10
-373
-719
163
-749
600
648
-453
887
371
-794
-413
885
504
-470
-860
565
206
129
-327
-593
59
824
130
-994
-888
593
830
485
-876
-826
-340
-735
-559
259
702
-962
-639
31
-181
562
150
-325
-878
890
844
833
-191
697
-728
632
543
-523
382
285
-370
-659
-648
-889
-825
679
-946
-511
-312
-110
-159
90
-900
-775
-520
-594
-349
177
-530
-578
104
-41
44
-77
514
778
92
-925
-774
-822
-159
750
880
157
-270
962
-222
-159
348
929
-786
-588
864
-652
-673
-408
-440
-337
-430
101
167
-365
-593
-595
341
275
-728
-569
-270
454
-309
-699
-751
-287
-919
522
-517
122
-614
171
-670
941
819
30
-149
-557
95
-560
878
-601
966
-649
-623
-660
646
570
904
-930
-25
-821
559
593
642
410
-645
380
-689
152
-349
-337
-14
651
-486
-806
948
842
204
-131
-393
-153
-858
-825
-908
-408
795
-607
930
-436
580
704
876
694
-499
652
-969
93
80
-838
-991
-590
-669
-767
-945
776
333
313
417
-660
-878
-296
813
913
243
765
-171
-114
664
495
107
-223
-852
780
-652
-708
788
383
-200
963
527
-312
-516
-692
670
-426
-431
70
405
-621
-93
672
362
-383
-106
-993
-251
894
-834
-55
39
-829
-478
119
-684
115
633
-306
-799
619
-618
-851
-519
298
413
-991
622
760
-264
-420
-722
192
-283
-873
-762
-391
787
-969
-593
-242
961
-370
275
545
-741
-230
-783
-766
337
-236
833
31
205
816
405
787
586
324
-551
-801
765
-371
-71
258
11
-354
-635
-480
660
652
-603
-738
-309
-548
-966
317
-605
440
922
-623
-318
-232
-174
625
937
141
-59
413
-838
957
-289
-609
604
-193
-237
293
72
-684
414
-977
931
813
-674
-730
-549
313
285
-223
1000
860
-826
243
14
-381
-621
-8
988
583
913
-350
674
766
279
-584
441
484
-882
-270
303
-622
-639
879
253
-20
481
-642
-549
273
-708
-198
-369
32
401
-761
788
880
745
-687
512
366
321
-75
-991
255
-925
195
459
48
-741
-545
-532
715
-263
-67
280
396
-923
-186
-733
-215
137
601
597
-767
708
487
82
755
-271
-150
404
244
-402
886
183
-671
-673
-520
-415
166
881
-676
-546
-139
377
619
-101
573
-985
-870
-153
701
-54
-527
-311
265
-371
569
338
-392
197
-298
-950
-7
-396
879
-176
-212
319
613
734
-729
611
-605
-740
0
-81
-548
998
46
-382
-731
-500
-480
-95
-951
-303
-47
-118
-724
365
-556
567
-693
-417
412
384
-779
677
335
-366
268
-438
-171
1000
-307
-994
212
-191
537
-804
880
-606
-599
-592
-355
-246
-948
-598
-109
859
113
343
-832
306
-812
-129
-180
655
939
-147
65
-833
209
725
-430
537
-549
680
479
47
-435
-632
-96
776
-346
867
872
-215
-966
324
-296
-864
-708
566
-416
-806
-51
-721
-183
-432
766
-915
-273
-136
284
864
255
-367
363
-868
-826
435
312
120
-770
883
119
-963
-104
-901
387
-523
-967
-34
-508
-56
-356
64
-713
666
770
-795
-602
471
-785
-25
425
-137
-85
634
-665
586
-424
-416
139
306
-264
757
850
956
-687
602
589
-630
301
-217
-905
-242
199
298
982
878
-430
-174
745
-277
577
-943
-346
-649
101
562
485
-626
-390
404
-756
-482
76
-126
-392
-735
-132
997
-49
500
444
-798
-48
-847
-504
89
146
-496
-615
-631
-76
-827
-251
-28
327
950
895
871
-861
708
-151
868
-89
94
-570
639
120
484
200
-954
873
-390
428
-986
117
-356
-815
682
-266
379
-846
-46
517
-479
828
632
386
268
-604
-55
-914
-846
-985
-257
758
-635
996
385
-182
244
-403
324
840
-71
244
444
-890
-892
-438
-625
32
-674
91
882
-689
-666
-202
-742
607
-840
981
346
-673
-96
227
-641
-759
-353
752
-624
99
545
-996
698
672
-814
650
141
164
48
818
24
164
-336
431
-623
311
795
800
-375
604
226
46
-436
-680
-738
-995
-153
904
509
-58
808
-430
-746
251
-657
776
847
-317
-810
-282
575
798
540
-410
203
-568
-149
-775
-800
-132
-937
-422
801
766
-476
-263
-594
513
-605
870
2
-910
801
-700
-146
-423
245
394
122
-348
853
-577
-79
-257
634
-896
992
-622
-357
481
473
438
705
813
-283
832
329
-39
623
321
-504
-897
-325
-258
-841
-434
448
-885
-811
356
-538
-862
71
-608
-813
793
79
-161
-926
-921
-482
208
-605
93
238
-68
-203
-784
257
335
571
-362
-58
-92
569
965
-885
-140
753
-353
516
-425
813
498
716
-300
-160
235
-307
-990
-512
611
-77
-744
120
813
911
642
-645
412
-730
412
27
579
86
165
-288
-401
-918
130
355
603
622
-199
860
-892
87
130
462
505
-141
-578
11
-421
490
-572
916
228
-485
-514
199
-821
-991
-291
630
654
-167
-906
383
-490
150
788
-794
314
-295
-127
-220
623
-84
429
4
190
7
715
-90
-389
20
-756
-581
-132
-343
595
880
61
-704
201
143
-728
395
756
596
338
593
-292
-121
-496
774
-789
495
466
-387
801
35
272
-375
-640
-48
-645
-748
179
-366
-844
-508
932
687
120
881
325
441
-759
33
792
359
-4
110
220
-943
-198
-867
-425
668
-912
19
-584
-260
-118
5
671
-359
-14
353
-828
-69
-828
-765
-452
-346
-809
191
478
18
17
-181
-318
-828
666
83
624
799
233
404
809
-548
-37
-347
-601
-579
302
-756
295
-280
951
-83
877
549
139
902
-168
59
884
-162
-480
487
453
128
-761
782
309
824
671
-479
217
-251
340
-502
84
-37
95
-752
-41
-756
464
682
721
-28
-352
92
174
-188
7
171
-170
112
-480
-928
804
-862
366
169
657
322
828
768
75
647
-812
693
-277
-671
-950
257
182
-788
496
256
39
972
63
283
-197
595
381
998
-314
-522
-239
873
-781
333
-704
-187
967
-753
773
-310
-471
874
-298
-81
-80
564
-976
354
-555
-341
549
915
174
801
902
-40
-809
428
-400
-957
-868
88
-769
98
0
500
-644
-318
266
-552
-108
-435
196
-987
-677
-701
994
399
245
57
-379
147
110
125
-84
-226
156
-919
657
-953
893
303
-129
-230
-365
80
95
982
-797
489
-143
459
-962
-970
-155
-547
72
-801
785
-493
390
7
735
551
-243
596
581
387
-716
-30
-583
997
-672
11
-619
-218
-864
-735
-901
427
-918
438
319
-267
518
-657
-614
-114
-190
-23
153
-15
605
-791
-543
-958
-597
525
254
812
-49
-431
335
-133
59
-851
-90
-940
-393
-282
-742
788
-678
-277
-504
663
855
382
637
60
232
235
-261
860
-754
-465
356
604
546
855
299
-597
-220
934
-77
-691
323
-811
982
224
386
-633
966
572
-657
-717
18
66
-473
134
556
-474
-378
-687
-301
-412
877
976
-603
-733
270
-732
-402
-556
-390
-8
-157
279
946
-157
-359
69
519
767
-736
-411
392
-951
-724
-311
-20
-789
-244
390
-656
-203
-531
-941
-974
-862
702
-880
497
445
811
-601
-509
36
654
783
-415
-433
-537
323
761
577
-908
208
312
194
-307
465
869
-661
-755
-435
-645
15
-745
-163
682
-755
280
-937
-769
-448
-380
910
-70
-275
815
386
-509
311
-462
-360
581
833
-459
851
-476
133
-540
494
554
612
933
-233
193
-466
-211
171
291
642
-452
787
66
0
-22
298
649
-664
680
-295
745
-739
734
-890
-92
-815
345
237
41
-479
-205
569
867
239
-882
266
734
666
-679
983
14
783
566
-200
-572
694
-384
-683
577
262
256
167
-486
-647
190
495
-116
400
642
154
-542
-743
188
907
-913
-204
-738
-365
-814
-788
-617
-870
470
-253
41
407
-667
-976
533
-853
-893
518
-55
246
305
-742
-428
743
859
-887
216
-67
705
984
-97
-100
719
234
964
-742
852
-778
-976
901
-256
-776
-414
471
633
884
507
903
-406
-270
-950
475
-295
148
-684
980
-355
326
250
-284
554
-166
476
379
216
610
974
-431
-890
733
817
-494
125
-473
-795
411
259
648
336
-879
347
-105
19
-60
-106
-323
-865
507
-487
-595
-928
197
-395
934
-782
-653
-1
-644
-806
805
183
-979
-641
-157
619
-667
556
-803
-514
942
340
28
-104
873
953
-214
-869
997
262
311
-301
339
666
-128
-450
-349
-287
-507
450
-984
-582
263
-124
-137
775
986
-63
437
-311
356
922
-873
118
-731
975
398
347
958
-735
-497
-295
-943
648
-21
155
-449
916
98
-681
929
158
-992
-903
39
-674
770
-545
-313
-494
249
-442
-531
259
561
37
928
279
-184
848
-294
-269
-923
-7
-412
-737
-702
-431
837
312
-378
-333
-298
-824
109
72
-211
765
-1000
320
881
464
-451
-987
673
529
840
-259
12
-283
-410
499
339
-704
103
934
-322
-335
632
-669
-354
-63
-181
-591
-214
-733
-282
-162
-279
503
301
-192
-68
-845
-17
303
-593
345
307
894
463
-343
55
-758
-538
571
695
-146
29
-323
-315
766
195
825
-721
223
-414
157
-899
286
-154
-312
-585
889
383
-861
-185
-173
-331
-88
43
-63
-851
-819
-93
-831
-5
-6
-34
-145
-975
591
531
-909
-992
844
-423
313
-813
-724
-859
-545
233
307
-926
45
-795
-815
-325
379
6
765
626
582
-880
-422
211
269
-93
342
-978
-438
-20
654
358
433
161
-549
786
652
-649
-474
589
785
253
681
754
294
54
523
-190
404
-977
-472
619
567
-145
848
-595
680
472
732
-293
875
384
829
-528
-695
-714
938
219
-14
773
-741
-193
362
-916
-287
172
-585
511
841
587
-507
-118
161
81
399
260
-548
37
436
269
862
864
463
-591
283
548
-875
-930
-320
681
840
825
-953
-968
921
709
902
286
470
-916
-706
486
640
293
208
-682
362
-325
-182
-727
972
433
766
-182
771
-841
-847
-626
-38
-243
-857
-281
-746
-689
416
-883
596
162
821
-949
791
221
-756
608
982
29
802
-129
513
369
828
650
-878
-599
69
897
771
665
279
-389
-225
-862
625
-377
-199
213
105
277
921
535
-865
411
734
-462
14
419
-441
660
-842
777
-819
37
-173
-431
367
167
-275
-339
202
-113
-532
532
679
568
11
927
73
443
-434
-400
-677
-527
347
-950
174
589
891
502
808
-184
82
-190
-277
806
619
-951
-412
-220
-970
-78
-668
-285
733
29
-568
-50
-978
-600
431
-655
-789
-962
633
-74
543
398
-983
-896
115
-192
-189
-320
460
-254
513
-266
475
728
-440
-157
-638
-525
-51
-29
49
364
197
994
467
-186
516
938
163
-337
-171
151
392
-627
438
993
-602
-846
303
989
270
-908
199
57
-379
610
-35
-239
-314
-884
365
156
606
-590
-973
967
-765
-576
991
425
504
908
-964
958
-843
-858
386
-155
156
478
166
-216
72
-644
710
-557
-505
312
873
-251
554
879
414
-53
48
415
132
-563
-942
-769
-713
436
277
-420
529
460
-71
-644
-417
934
-485
832
-70
-587
762
-466
-12
987
749
826
9
-179
604
-464
-790
707
-12
-514
-885
-722
2
-520
871
-718
241
-649
-19
575
890
665
-976
202
818
883
23
-222
74
616
10
-538
-759
4
246
-699
-693
109
633
-27
495
-647
730
921
714
-95
-783
204
-641
-240
211
-724
-446
-294
-268
-466
-387
-831
-227
83
-176
331
764
577
46
320
605
62
973
-395
-412
964
-655
-887
-124
-903
-317
982
-163
122
-690
-41
-308
597
-978
613
-3
238
661
-656
-345
842
922
-97
769
963
-57
615
2
789
998
-720
257
-171
-214
978
103
-155
733
681
-495
-615
232
-774
-710
-385
-512
258
887
-200
-566
932
-956
-882
853
-703
318
939
-821
92
-493
-786
611
-373
-407
-353
17
-475
-889
9
520
-286
530
773
-527
952
773
-527
220
256
739
891
-885
317
-289
-715
198
723
-24
996
207
579
837
379
880
-617
-430
-325
202
452
-255
735
-710
-465
-269
-4
-405
-362
-196
-140
329
-284
-81
-394
852
506
-922
-486
868
-372
-174
559
193
-485
352
-621
207
28
690
-399
-284
76
-248
-523
875
-910
714
192
867
-836
-553
-225
-239
-760
314
-274
744
-376
-287
35
360
-293
-766
732
762
707
-933
-887
-170
533
-273
-708
395
-425
23
-759
-314
67
-904
-320
272
-479
166
-480
550
-580
831
-796
361
-592
334
-865
-241
643
-918
-452
752
-667
144
-214
78
-890
-275
297
533
0
-399
589
733
144
-973
-544
501
-684
318
-799
-440
-411
157
-320
226
-534
309
152
237
-389
30
-779
213
-566
641
905
-895
-282
-494
-410
-861
-486
928
-113
848
748
428
452
209
-970
414
980
-754
-676
-753
472
331
-726
-351
-273
549
-719
510
-357
-348
921
-986
-715
914
803
915
579
181
-599
-411
808
-793
-209
-11
-478
512
-749
-390
-430
-351
196
-670
-429
872
-829
-981
-688
288
314
973
-364
40
-429
-126
-455
832
-947
818
-400
339
64
827
-427
572
681
928
706
-266
-59
962
995
142
15
915
908
7
116
734
-590
632
862
-99
954
-943
-724
223
-893
532
-95
354
-81
752
-485
-480
468
-212
315
238
-533
661
181
424
580
-811
-166
24
-916
612
939
-3
-925
93
571
46
-973
98
801
-534
450
264
281
-811
230
270
-856
-290
326
537
337
927
-294
42
663
600
-547
-166
197
961
-861
514
-175
-330
-325
274
-171
432
-34
-238
-978
-99
856
873
346
-240
410
-794
448
324
-214
838
-121
787
248
-915
-49
-762
802
964
-105
-205
-963
757
592
12
-627
109
-986
-893
-186
-134
686
983
661
279
12
-973
-737
835
-952
-55
294
43
67
-374
598
-542
973
990
-887
-707
458
-869
171
343
413
425
-108
121
-500
648
41
683
-346
558
256
-1000
-322
976
274
387
-570
-196
346
-909
-483
-973
943
794
-226
401
684
-618
-95
-415
366
739
-166
-288
-491
-832
-852
-357
-202
-800
909
-128
90
-619
740
-138
106
-441
-803
275
0
512
343
-899
-603
-67
270
169
-890
-882
753
-948
376
-133
-982
-422
-195
-57
817
-533
415
-636
546
-429
-338
-392
-171
470
-396
-744
-181
138
362
914
-606
727
507
676
-506
-360
47
-19
757
454
-867
-386
491
122
-586
-274
104
761
151
331
-969
951
-719
449
-174
352
-708
346
-867
-936
-153
-753
-485
59
996
287
589
56
201
282
417
-523
4
-920
903
343
-719
-368
-153
189
-303
-29
697
-549
305
-238
-401
835
-127
655
847
-118
923
545
545
-728
19
-260
325
56
-162
-832
-278
-912
532
320
264
387
648
615
634
-56
-828
-888
-511
417
149
737
262
-227
-269
-30
279
307
359
-76
-440
572
912
-27
81
-817
273
627
159
-225
437
854
-796
53
816
961
286
-764
-875
-703
-775
-167
-467
151
918
542
676
795
-629
-786
-13
842
-868
-319
-815
877
111
-624
129
-270
-801
550
-126
-89
226
-468
390
-209
122
302
784
-975
-410
-913
484
370
162
786
453
-164
927
368
-814
342
-676
-653
35
-941
-724
719
-668
631
-188
699
423
685
689
-81
-973
-934
-551
401
-692
260
-118
968
77
-909
-665
-570
-20
-732
-879
690
-606
799
191
-658
334
341
65
700
-884
74
-295
-221
848
572
-672
206
-56
586
571
568
-714
-77
-730
-341
951
-147
-733
920
-385
-530
-254
-9
103
-575
31
461
-866
249
-923
700
-734
138
83
-878
588
692
494
780
910
475
-218
108
235
-348
-710
-757
39
777
781
-29
134
288
-292
-264
608
-727
-115
-729
420
-977
31
252
122
-264
-361
333
268
111
900
-71
-7
205
614
-648
601
38
591
451
590
-433
189
-173
-1000
24
-968
791
759
-773
784
-136
-148
-135
-737
-462
832
121
-443
-458
-815
869
-120
-408
328
-924
-902
902
513
390
944
-336
-602
770
54
756
-894
693
861
411
-788
-245
-751
857
-728
-66
-25
-613
844
-123
-481
402
-176
711
387
-650
-656
233
-997
637
276
474
-14
158
818
513
172
543
-481
-226
-547
-491
429
419
-699
-863
956
354
738
26
413
-824
-306
337
91
341
-12
-809
532
644
-156
-795
629
516
970
362
256
-238
-917
-497
493
199
188
-611
174
110
-304
-134
-903
-41
988
330
-900
-221
-257
-954
-422
678
-131
744
-822
372
373
-968
-264
-541
265
-900
-76
-931
-924
223
953
-129
56
-238
14
-195
-65
731
-666
793
30
-176
271
278
-425
756
-443
352
-420
40
634
316
86
814
694
450
111
597
592
-430
174
-442
-988
896
670
-22
-924
-429
-238
938
474
110
-965
181
592
104
334
-295
-28
-301
43
757
302
207
725
522
-221
852
-136
472
76
991
644
895
-542
593
6
-957
788
808
660
222
-243
378
43
971
790
773
-590
919
707
-230
-956
222
-868
616
769
148
-805
234
495
-252
508
887
-251
-113
262
-254
-86
357
135
-748
-643
-163
105
523
460
-85
639
136
185
189
-932
78
989
-338
-858
193
-559
-285
328
129
-407
94
315
-847
-261
-784
820
594
-147
218
-349
-521
-926
-435
618
683
-693
631
-523
130
-470
-420
545
-656
-856
198
646
684
-42
507
-508
32
-386
-925
-17
-726
-639
-166
210
839
403
328
935
-606
-229
-44
-677
959
-25
887
188
-968
567
434
-195
752
153
606
-741
-86
-225
594
431
-854
-865
-841
552
814
602
-783
-807
-105
10
-470
-121
-758
-348
837
-820
408
-777
844
719
-798
898
-387
947
694
268
806
-587
-958
597
811
71
-610
846
711
-882
926
-309
-884
-797
-111
242
822
440
857
-336
308
-420
803
-573
-181
563
331
-875
-997
-253
776
-385
-636
585
-928
-139
-231
13
888
54
740
581
848
98
-446
362
-96
-973
-908
372
151
743
741
590
376
575
22
-729
706
594
267
164
-938
-821
-1000
-442
-415
3
354
292
474
435
410
-106
157
-463
328
-38
987
666
890
-515
-122
822
283
707
569
-723
-687
-795
441
-116
585
-167
334
72
-166
-827
502
-298
-777
621
951
783
780
-935
-240
466
-992
483
-605
72
-850
-349
-374
322
104
-641
-715
12
204
-227
742
-675
416
74
-426
266
-876
-679
-670
-628
59
-609
828
-995
306
412
907
78
-62
-670
598
-222
966
-963
71
-95
-353
-342
-359
-631
348
-307
146
487
989
879
-766
-397
-464
205
160
427
-433
178
-929
-620
-402
-202
429
-181
735
90
-980
187
-680
-630
473
484
130
-614
712
815
-948
232
-470
431
59
176
723
291
-617
824
922
520
725
731
-633
51
-343
651
-256
-383
-213
29
-693
815
-650
-570
-324
205
-960
-488
533
421
771
718
-144
206
903
570
911
-344
623
487
127
-957
-467
982
354
-967
-861
-556
-643
-852
-487
591
308
796
841
805
-639
709
-357
-817
-148
-865
107
-219
-331
-137
72
-903
-370
892
-637
308
628
-864
-232
44
-616
451
-156
-537
610
81
-902
-348
-417
-871
974
129
302
379
228
-774
-123
771
-439
-896
-895
688
139
973
-79
-442
-888
-49
860
682
230
-292
-974
-950
475
-957
174
-680
1
518
407
688
-419
100
-903
-909
600
-105
-971
255
-969
-821
882
-542
-296
-910
790
-418
776
-859
594
45
-10
195
50
197
127
-674
-184
-480
960
923
763
-46
-858
-532
-561
-536
-152
-123
188
386
569
-951
305
-800
135
526
-302
-491
-844
653
-60
95
-858
-96
-557
119
-451
12
632
572
228
29
347
-716
-466
-715
-898
-393
577
787
-557
327
616
313
-237
177
579
32
573
751
456
-432
-911
186
310
918
-97
-587
-115
-155
808
614
-159
-567
-688
148
-718
913
-551
374
419
421
850
358
-732
-126
238
-608
-47
542
-701
86
-476
-726
-176
-83
130
-508
-663
797
682
639
360
-229
852
908
528
-369
313
-741
-74
-144
26
252
169
-121
520
-59
538
-401
-53
-580
977
-840
113
-291
7
877
-728
-429
114
-900
378
247
-101
914
-162
-94
570
-560
-802
-453
-931
643
-172
-65
375
653
-989
525
-687
-716
278
212
-342
239
368
369
592
901
-75
773
-940
270
-184
340
-138
-846
-99
-690
-23
399
-90
546
-2
-189
525
307
-348
-936
-465
446
551
685
-567
637
868
-801
585
556
-133
-941
550
-606
471
376
986
-616
531
-403
415
-817
1000
-559
-180
86
-586
-66
592
-624
150
-887
26
325
-932
523
-326
98
-167
-208
458
-629
955
175
-364
-333
-404
99
25
157
768
-411
-718
-981
-153
377
195
796
363
-927
27
593
971
-837
75
89
25
-234
-465
430
-252
881
-422
728
-188
306
190
498
897
241
969
487
-981
967
419
740
-809
631
-298
-385
-28
534
-650
-674
-66
954
913
219
663
-373
76
-610
760
-303
442
337
-512
750
749
475
46
-783
-750
-495
75
-688
-226
945
416
490
408
534
-549
115
-641
-121
569
-919
-575
502
308
-196
-122
-575
-268
-658
-68
-783
-388
54
-886
-886
-70
-685
-295
-347
807
-552
817
-584
360
365
-976
-402
353
604
-130
486
-886
-735
-855
780
129
995
49
153
741
-718
593
-307
152
-248
370
367
-109
-814
-186
675
169
441
-714
116
832
-471
-334
-590
-940
-716
-276
557
-477
595
-497
-53
372
-870
464
-875
-432
-652
107
-606
-89
-876
619
-391
-10
-649
-295
866
-545
-654
201
-65
-155
-124
341
-125
46
-69
788
-564
955
-483
-673
-295
-124
-105
-474
74
714
-757
311
-249
529
-62
736
-854
-263
-808
-341
-169
798
714
-653
693
-626
915
-792
-51
117
-193
-51
-107
-969
-144
845
807
814
706
-587
909
-371
536
186
253
-271
460
-377
214
368
716
-148
-273
-840
-165
-960
-110
609
22
-922
-347
-586
-825
-129
381
89
548
-317
-436
-559
-25
-176
-782
-266
411
367
940
-428
-61
203
-768
-184
-208
-894
-735
345
-505
-886
-41
-807
-307
-596
-198
-832
33
739
-472
-581
146
-635
591
-145
861
-521
-477
407
419
632
-840
957
-624
-575
544
732
-90
-100
-36
235
-780
-823
4
-508
-715
-208
772
-55
125
510
-850
278
-176
815
57
-16
-743
125
-727
-14
-519
160
817
-384
510
-992
924
479
-326
-399
393
-192
526
615
570
-682
-970
-255
-509
-106
434
168
984
-870
370
352
434
844
-947
33
-402
274
-615
-472
361
118
319
-304
-420
-125
54
-17
-822
-629
-74
-919
622
-542
523
-587
-555
2
942
-281
-51
-343
439
948
-999
-463
-117
995
-946
-723
-217
-789
-942
-884
-470
-492
-354
-44
-606
714
-498
821
-830
-742
-941
901
-27
-152
670
843
-639
192
-854
-757
304
971
344
752
-130
578
633
-776
-553
585
-25
-399
605
-268
-564
714
899
-641
601
885
256
96
210
-651
-536
495
508
323
661
-361
606
-9
-394
685
-401
-739
-620
-131
251
-207
267
170
728
153
506
-814
-555
855
-358
387
763
-118
-832
-927
-415
-535
-59
-297
-892
189
790
-365
36
-293
-396
507
958
177
770
484
6
881
496
-610
243
682
-72
-795
599
42
314
-591
-917
967
138
-811
618
127
968
-285
925
19
694
-217
78
-587
-832
251
919
-59
-111
-942
925
589
757
61
750
686
566
-849
498
-98
974
942
462
625
636
-784
-71
-334
476
-323
-789
482
815
454
796
-659
-704
126
282
90
82
504
467
486
-960
901
536
499
854
661
425
777
-702
642
-147
-818
374
-296
313
-119
-485
-871
-969
-170
-420
-205
-559
936
-908
745
656
738
-568
752
-483
-152
204
29
186
794
-33
392
848
458
-673
-929
16
-451
-191
-31
249
278
250
513
-499
149
163
-527
692
849
-963
-134
-549
338
769
-489
644
-836
-277
706
-154
824
-174
523
155
208
-277
-61
-236
974
139
608
-857
326
-37
166
292
117
-21
-814
903
-555
-281
-105
135
-317
-343
11
-660
-620
-815
-902
713
933
-160
-240
-79
497
-487
-902
466
786
806
-265
-922
-46
-943
-174
-371
992
-318
649
-637
-951
603
141
-23
-604
-840
757
787
159
-948
515
792
-452
163
584
-853
-494
-661
-943
796
655
489
-757
-424
-448
-453
-620
-958
369
926
100
-958
-48
515
305
302
-61
-167
273
-414
-633
652
-834
-111
686
441
244
-734
-623
464
-282
-773
-415
-636
46
577
222
67
-890
-633
-820
-652
54
-419
-603
899
238
241
-892
220
-888
23
340
-328
-838
-882
444
310
-733
-111
-37
-735
881
297
918
-151
-670
-43
-727
-381
951
745
197
86
-451
-688
593
-930
696
-272
288
-393
599
815
868
-325
507
896
-739
147
952
805
-172
-261
497
591
829
-399
810
-227
231
323
-19
-882
771
-489
-358
-263
-40
-795
73
505
449
277
580
105
-795
842
-392
195
155
79
-881
-261
-754
500
413
1000
-422
-229
213
-992
-421
662
-568
488
593
994
173
295
-871
102
421
111
-108
1000
426
216
65
711
519
539
-14
-33
617
-411
455
528
-620
-781
-984
-247
53
-423
-990
-257
430
-593
687
-109
-254
-903
-560
-326
-316
400
13
-459
33
-594
873
949
-561
263
949
-83
-189
434
-602
417
-710
-995
578
935
-391
324
-568
285
251
984
415
-190
-760
-558
947
702
-294
773
-465
-342
817
-143
766
832
-28
-1
822
280
347
37
-15
136
190
-342
-218
689
435
-228
-288
125
-427
-868
-25
-409
62
54
-590
84
-17
-563
774
-905
720
180
90
-492
365
692
-532
-107
-610
-414
86
-736
20
-458
983
-612
-640
625
-325
218
-534
69
-848
323
-112
-665
557
-414
-846
-92
875
101
-793
672
-845
-260
267
833
-155
-659
-871
-801
-223
-250
121
570
874
-605
736
515
-139
-613
653
-431
-936
-918
170
623
-181
90
509
-499
-673
-850
267
-196
-772
157
-778
475
-514
947
26
180
601
913
-769
-538
233
-188
687
754
-731
71
-247
-294
-833
-57
-616
180
-655
346
238
840
199
-26
-589
229
290
-740
926
-528
-983
-471
-182
-248
559
182
-510
245
-77
-763
861
-413
-641
-177
786
-382
506
-533
775
448
241
-530
-323
602
648
-461
-76
-972
781
411
-281
231
-356
-852
-233
327
-638
360
934
746
-106
-993
679
185
305
821
418
485
702
-293
865
-948
-926
-304
-439
-734
-84
52
114
-536
353
344
595
721
-335
-147
153
490
186
-888
996
99
-569
-45
840
-101
-764
854
-36
-199
472
466
-49
295
-625
-873
774
622
82
217
563
479
-882
657
694
456
212
-561
-468
-240
413
230
509
-506
-593
902
558
-240
496
78
889
-386
613
529
-402
910
-120
730
99
-994
811
-772
378
-807
-848
816
302
-239
-251
-559
-262
88
889
106
956
-828
280
914
579
481
-860
22
553
523
264
429
902
559
44
-408
965
-431
-149
-230
938
409
991
155
-145
-985
-167
-863
-629
96
-581
768
464
936
-161
-954
916
201
-67
324
471
-317
-858
692
225
332
-477
164
-297
510
-709
774
391
-896
874
378
-811
901
-651
-202
58
844
-230
-403
-686
883
969
604
-390
-509
851
748
-704
306
56
-668
-795
-248
-556
-984
-962
83
-697
407
418
-58
513
798
38
905
277
-563
-547
-434
-327
598
-318
674
-119
-629
-528
-899
330
416
592
-595
651
-890
-243
21
-610
338
-154
348
896
334
-786
-738
572
855
284
-180
423
56
-275
-70
-186
-357
392
269
378
887
-913
-537
-481
575
-190
51
-98
775
816
-229
-596
682
-94
-583
-91
460
-996
834
433
-653
-295
-509
-563
-597
-928
-969
843
-531
-831
-815
-153
676
819
-816
-224
85
558
-885
-123
-682
-413
559
-8
-782
635
714
-721
-69
286
-646
-818
446
-520
-678
300
469
719
397
-629
681
-364
-4
-240
-995
544
555
673
924
-414
280
-25
-773
-193
-871
371
739
357
211
519
138
-925
-543
371
-560
941
521
333
983
655
981
-279
-249
559
-676
-821
887
674
43
-14
188
-203
-972
-66
981
-519
901
716
-102
792
-317
731
-788
-84
948
-989
-769
-194
94
939
168
901
-584
176
271
-889
-896
-755
-426
-866
549
-541
89
739
646
825
-958
887
973
-84
-282
-444
469
-150
-724
375
64
-925
-160
-547
-141
-393
741
-505
772
-24
-57
-391
-931
193
311
-371
-353
-453
-42
863
730
808
-371
76
-628
-679
-909
-332
203
907
696
293
228
993
-93
-845
-565
-332
658
-998
37
-172
-655
-232
-990
837
-917
-363
850
-338
740
-488
424
-624
194
127
565
742
524
792
79
4
-668
-719
33
662
-314
81
-749
-969
-380
-237
140
899
-82
-799
-727
-422
-630
909
-906
428
750
-65
433
364
931
-861
-317
-53
-859
741
-407
593
-469
-771
9
936
552
-949
34
-803
-181
886
184
62
219
-329
756
-89
-606
713
745
-321
-80
274
512
933
-471
236
299
419
-316
-773
-953
-49
636
-956
113
-120
992
-718
-684
499
441
-493
700
157
-78
341
414
-846
-381
-402
853
463
549
-431
-775
588
-831
61
910
-399
764
-639
51
-301
-516
660
-19
-479
614
893
-59
-392
-843
32
652
-770
574
269
-997
-278
-250
388
-360
-964
800
263
187
-334
-977
537
192
147
-647
150
-739
-462
151
-216
933
-901
143
-104
-202
-221
-608
-354
684
-208
-670
664
93
860
-264
171
18
870
708
-58
-933
593
-244
-144
-744
-829
299
254
898
261
-294
-851
-290
59
-579
955
-412
604
555
-448
867
315
-780
-120
-453
-100
765
570
68
-860
-828
-153
-404
879
-475
485
-611
250
59
-523
-523
490
-291
255
742
814
656
879
-686
13
-705
230
-295
226
-364
-827
790
-240
-230
-30
-191
236
-289
-390
551
-132
-771
-87
-696
-330
465
-479
-921
687
715
-618
-618
-769
-827
380
35
520
764
930
377
419
-158
449
298
948
929
38
-564
13
959
-232
767
745
-241
157
-348
677
-543
-258
-417
-600
-733
-671
667
-605
-585
-933
860
-276
-908
-573
-4
747
216
-495
107
548
402
-39
-677
-222
-835
752
-367
24
249
0
508
-769
-400
640
672
511
156
423
-189
-403
446
947
208
-190
-335
522
-144
-978
754
-954
-199
241
103
701
278
308
-798
393
-154
564
-177
755
877
-999
574
112
834
493
-590
257
-289
-409
-561
923
-198
804
852
36
-77
272
-684
-584
523
288
-819
-511
532
83
-447
-78
-595
551
603
755
-555
-382
424
-542
-133
896
53
-295
-562
589
-562
550
-833
-692
766
-686
100
731
885
867
-31
537
-469
-664
751
-449
-178
465
863
-737
-805
-144
-921
-828
314
625
-133
363
348
-89
-251
-481
861
-720
-865
-481
-486
227
-284
346
807
-211
-361
-329
-713
273
-973
-383
230
547
79
561
-299
-809
-428
967
-725
956
-762
-879
51
-956
-424
766
-521
714
-159
718
-56
915
-217
-976
-953
228
-158
-38
579
604
-114
397
615
846
715
641
-782
-585
-849
763
709
-308
-560
-514
411
294
283
-75
-806
-150
-523
18
398
-705
240
-113
-810
-372
687
-236
272
904
781
469
-821
-66
-761
41
83
-547
-531
-963
-376
980
-766
-147
669
-124
-586
58
-481
836
-712
374
-44
-443
-43
-241
-820
578
838
-981
232
-221
-657
-380
748
-969
-74
-875
-628
-492
612
473
408
106
690
957
-942
278
691
-818
-420
717
573
568
-52
914
-771
184
835
-183
-235
506
61
-147
137
-398
-243
262
351
103
409
-695
-661
465
-942
510
-325
370
-945
512
-485
528
631
439
-813
-21
-566
352
-960
-837
-163
-516
747
589
-142
-478
-597
-878
-735
-612
149
514
504
840
-402
374
692
-473
-379
499
876
-136
-279
535
31
342
-960
565
729
-870
-455
409
-511
-384
-393
-285
209
961
-933
-894
-806
-667
-749
238
464
635
262
514
295
-605
258
586
-269
-860
-931
104
-235
170
-905
-882
-118
781
84
343
958
-356
-518
-77
-806
612
-273
-67
838
-92
-95
485
-164
-516
383
-84
466
746
122
709
-680
-825
-749
852
934
-439
-127
-476
-813
113
173
-901
-223
404
-439
-670
-861
697
-835
697
351
-672
654
55
910
-793
-808
569
-326
-138
305
533
340
822
141
99
-998
305
195
247
431
-46
-990
776
-649
625
837
-851
359
955
-657
452
-241
956
96
84
970
-603
-144
-77
258
-577
-300
559
-525
212
-965
-370
-949
84
440
842
639
-841
-778
677
-54
-62
-394
-831
-92
-347
-848
-788
956
-448
892
-205
-965
-834
712
391
665
513
11
123
906
995
-334
-809
-962
738
-710
196
585
-645
-632
-180
-50
-127
723
-478
338
-670
-837
956
-551
524
748
-259
-123
155
-718
344
-531
-898
741
647
800
599
-554
-259
-475
748
-265
-463
777
694
-68
-817
618
-146
-154
-828
-308
-450
-626
867
618
-568
-570
-931
-498
-475
-478
-635
-392
821
-550
639
323
720
-787
-57
-800
-754
315
-578
-527
94
-169
205
-932
207
-315
-79
-751
896
217
-654
-548
980
9
5
160
210
558
-499
884
693
753
-57
-874
834
-513
-821
-386
-740
376
253
920
507
-339
-467
39
-94
-991
405
-710
-271
-950
500
317
-477
108
614
95
171
204
6
-283
891
819
-9
612
-565
-282
-214
-312
223
571
-492
-647
-348
698
-969
-363
-929
388
848
82
-68
165
-850
-812
-937
-846
-952
-959
-860
948
-654
-849
984
119
-954
666
-707
284
-435
-791
459
107
10
760
-976
-606
523
-416
228
448
-443
-616
-841
-723
-173
413
5
885
296
-525
373
962
-303
-413
-555
-563
213
-580
201
-756
527
-170
695
744
910
107
-108
-861
36
-30
789
-880
-820
950
92
-713
-978
201
-856
-165
176
119
899
-658
700
-448
-859
351
177
-251
477
839
896
-429
804
-454
701
864
-458
745
-934
750
-674
892
-304
774
-816
522
185
-116
-570
849
99
181
771
-376
952
433
-913
253
-784
-734
-793
984
351
-927
59
-362
458
487
794
208
-430
-250
-699
49
174
843
411
492
-265
-90
-788
575
310
618
313
13
262
239
-301
-667
-565
585
-744
-973
790
591
-372
440
846
426
981
-553
-40
-340
-667
-310
264
-613
-479
633
41
-909
-20
214
-863
-376
377
397
404
593
794
589
284
-701
764
-503
-935
-503
-913
933
-639
374
218
-928
-137
-964
931
-536
-44
-124
-710
-438
-808
609
883
273
2
888
585
-903
856
492
576
322
-959
257
385
-898
-757
281
146
652
339
766
-612
-386
117
-941
6
-425
825
25
-485
78
-516
-986
209
-684
902
-410
584
-139
565
289
-338
-610
-675
791
308
728
-649
550
427
-313
948
26
-353
34
772
-984
370
782
-220
-961
264
657
424
970
401
958
177
152
-708
117
-68
-287
-191
-46
343
975
-15
188
629
-972
441
681
-553
72
182
227
-418
322
979
-103
820
-634
133
-46
727
509
294
868
-1000
741
406
-531
822
359
-578
-21
-120
-118
900
484
520
808
-896
-419
-73
-933
944
-985
-226
500
-811
290
525
-305
486
307
-174
-717
-120
24
-616
11
-362
-41
-439
-67
-941
238
812
573
56
-712
-561
-403
974
-359
-434
-835
913
902
774
-305
7
635
564
212
-34
231
-641
59
792
708
172
-387
-17
-950
-314
-483
-827
-696
851
-653
-519
710
4
-779
-986
171
-372
-740
839
-935
726
-830
84
158
693
337
-512
-79
-321
222
814
251
550
439
-799
-606
444
-693
-882
307
-207
-996
-527
279
798
-376
-170
780
-285
-260
-251
622
984
553
-777
-608
-500
490
238
503
-405
-729
-872
796
282
869
332
-438
545
-390
644
-66
526
833
-390
-36
860
367
-320
638
11
983
442
-643
610
589
-626
-575
-837
328
426
32
-116
78
-432
-213
976
-469
-817
63
906
-390
-353
423
-987
-391
-514
661
-52
-625
-530
-36
-213
361
-12
-504
-123
-859
-865
647
695
-247
788
-508
-974
-123
611
-278
67
-957
90
81
-843
-150
932
-432
564
-391
725
192
22
444
-749
-965
-846
-263
-765
189
-224
440
-246
5
-810
658
829
798
719
273
135
-846
835
767
411
-17
-609
-253
187
217
317
-907
470
-189
511
487
-773
187
-448
721
-698
14
-501
-668
-124
-749
86
-823
583
793
-135
-17
-582
696
-111
-449
-976
-437
-339
81
263
777
500
-679
-613
-799
-203
781
501
50
266
159
330
-516
458
285
-455
-311
901
-560
-897
-751
-666
349
-367
758
677
241
87
297
978
248
400
-48
-573
-711
172
-271
483
-278
-935
818
-346
-360
988
285
-484
877
-48
-318
741
315
470
374
952
-427
-647
308
-266
675
-725
-914
-935
-484
-8
-743
-505
-759
286
937
-130
825
74
-266
-575
249
-40
789
510
-193
-60
-106
-452
-334
282
-954
-745
-272
550
-881
931
682
540
-480
110
768
325
10
190
-343
217
545
-518
718
318
851
-887
-690
-36
796
724
893
-505
-954
101
-154
666
582
-753
3
595
-732
220
-671
356
-392
259
-751
840
831
-419
-985
-271
-43
548
-97
246
-731
593
640
484
-470
161
-182
8
-339
13
-550
18
470
-863
-48
755
-860
644
184
222
797
617
333
375
-851
-422
30
-643
-994
-492
-259
-554
-347
-179
-201
-471
154
-717
-870
-986
319
483
-181
512
636
-403
-248
449
667
579
-700
-842
956
252
748
913
-56
672
-88
659
205
14
216
-337
213
-153
837
-616
504
517
751
447
903
797
-218
594
-820
507
442
240
-658
741
-526
711
-608
193
-154
-661
505
940
-886
965
-257
930
-324
-714
-531
-452
48
-646
-401
-8
-538
-111
-147
576
914
-271
384
961
432
344
-786
678
498
698
-665
-820
849
-315
-830
47
331
-618
-508
827
340
602
996
-356
-30
521
-865
-193
-582
-425
-590
778
776
-836
207
-737
244
-630
130
-726
153
-39
-302
-86
590
882
339
495
-504
-211
254
240
38
796
420
187
878
736
490
516
-364
130
128
-554
-70
-339
293
-571
-229
834
-3
503
211
-387
-175
-443
-979
-243
208
-381
-459
-661
-241
-332
-775
-293
-827
-433
-456
629
-530
-113
253
586
-647
-790
173
510
461
936
523
139
-725
419
691
47
485
-270
716
-210
282
-407
635
707
-82
564
-785
-437
745
-492
-770
-655
-688
147
22
-883
-5
-966
797
-727
-540
-533
-124
97
-272
-83
-900
422
131
-736
358
605
122
-578
438
-410
-432
-903
697
-249
-824
73
-560
814
-315
236
66
550
-484
223
586
538
972
673
326
913
428
725
190
923
-608
461
754
-273
-156
454
860
214
733
-856
-29
49
-185
157
423
-272
931
54
-880
609
684
-91
-934
-89
-895
-336
733
689
246
909
952
-990
581
319
822
-420
116
-633
-205
324
862
547
457
884
562
743
-836
562
576
710
-707
164
819
-932
507
779
649
256
-927
-320
865
-884
-878
166
-313
57
855
234
912
427
-868
-560
830
355
693
-414
624
400
900
-443
-425
779
804
-515
-204
-743
-85
-708
-427
483
446
789
-986
-162
-823
-855
130
-647
757
159
760
-513
-245
603
-552
576
331
629
-240
-717
596
-269
65
290
-7
996
-451
-126
-702
-364
-726
-667
309
-438
-516
896
-912
980
-240
-406
301
221
-508
-268
536
-621
956
686
-608
636
540
881
475
128
860
-13
68
-992
563
898
-354
9
834
-737
746
950
-384
947
-435
970
-641
129
877
941
248
191
-909
-889
-729
-134
518
881
-921
524
-759
-191
-796
577
-649
-260
-875
646
-49
642
256
-315
701
549
811
237
61
191
382
-482
-756
-770
720
471
529
-841
-260
-738
-39
34
-194
-629
346
362
-230
475
35
-193
-917
-480
-563
533
-768
471
490
-648
268
-155
-476
745
972
784
276
905
-97
-985
699
-337
893
977
345
666
950
-328
231
-851
-836
-695
-572
718
586
760
580
-297
878
959
-707
-994
495
440
-359
-999
-807
155
214
924
104
-641
193
30
-565
577
-340
243
542
514
-172
305
-82
-93
-795
-862
588
690
-410
703
741
195
913
-200
-696
22
844
-139
298
-924
919
-852
-576
-880
-152
944
-498
-661
12
631
-576
313
-933
-762
244
-422
-591
625
598
973
174
-401
546
935
760
927
-187
-320
-948
-259
962
-548
115
-662
28
-751
490
113
-837
-247
-372
595
991
-174
-135
880
-463
-423
700
385
679
-650
-220
990
-297
-602
118
-27
941
-161
933
837
792
395
-103
651
-619
539
-313
767
-836
-485
96
-453
-811
149
-366
-65
-883
875
105
-972
199
-92
-401
237
-205
764
639
677
913
-742
-108
861
-174
984
-525
-359
755
-390
-249
-590
-70
786
-123
302
-727
207
-226
-619
-511
-849
267
-444
-168
314
-938
-15
-662
172
591
173
762
34
830
-441
282
-750
-823
11
721
-321
-14
-680
817
183
-453
-433
298
13
684
-28
-667
-199
447
625
807
324
-906
397
31
-779
-895
999
-180
-651
137
-61
57
698
448
-884
-87
542
185
-454
-390
-207
-453
-550
879
419
750
-518
-491
-575
-975
33
-345
-225
612
-591
744
229
-815
833
230
473
-554
-207
-275
-971
-150
-543
-483
830
-861
163
24
-96
190
-542
683
-890
-400
-791
62
-163
750
982
-538
-404
775
-16
-965
-288
950
-493
-564
4
634
930
-205
169
313
932
-232
-486
876
-982
-295
274
-599
-252
-71
611
608
-272
460
-688
729
-428
622
48
-18
604
-862
-341
-367
-997
-816
388
317
931
200
243
-118
839
-787
-352
419
-517
-275
863
976
-129
398
275
386
-868
-895
87
695
-453
830
979
381
-972
-282
-238
-408
-303
-469
-602
-643
-93
558
-656
473
372
-549
-125
-720
-547
841
-904
-173
784
-583
-951
-960
-211
77
858
-4
-944
338
-177
-900
538
-381
177
-456
866
337
-354
-894
738
662
-474
365
381
-117
919
-529
-905
-17
113
-768
-171
626
-39
923
97
-365
-468
-906
641
701
-651
524
188
-139
-229
79
433
-739
81
-92
827
-12
551
207
-645
219
597
-14
851
519
258
837
-486
-39
379
870
-285
-281
-273
325
994
31
-585
-481
-694
653
-127
-601
973
24
986
99
-149
188
-608
-736
687
-776
554
-434
-316
-10
-911
-344
-770
923
-247
-534
-413
-49
525
384
-546
-259
-37
-303
243
-377
-481
329
456
398
979
259
513
102
986
420
-833
-539
276
-303
84
-634
-623
-431
777
-694
370
-966
-325
625
717
-912
-485
-198
-982
-336
-877
88
-291
-695
255
460
766
-543
39
-264
-24
-328
733
305
-167
-898
311
305
351
326
-903
470
105
395
215
-778
800
-629
-941
239
948
-736
347
786
-595
635
885
-159
-609
-741
-327
541
220
889
-530
433
-866
-502
403
-365
-798
790
-216
69
916
855
-285
154
-12
534
378
-369
197
589
86
393
527
-258
516
-20
478
970
-61
-866
289
305
-383
327
-578
-652
-836
121
81
-559
-174
-679
-902
-34
-790
-746
708
-258
153
-887
-444
966
33
-494
-293
418
-289
-383
741
133
383
-679
957
-730
557
-228
-729
351
681
-798
602
133
-883
-756
-966
22
758
41
338
-717
-783
372
392
720
-840
664
-712
-431
-817
48
483
543
-682
-164
467
-497
318
-892
-150
-800
556
751
-664
-421
-57
163
-60
59
-64
464
480
-191
302
-850
-84
166
456
320
328
-27
549
-126
-166
-20
-158
-411
16
590
586
733
908
584
920
-433
-428
-886
741
202
-630
-146
98
-852
184
337
-963
500
670
361
-310
119
85
-733
315
-1000
767
219
317
-827
271
-768
-563
348
-220
680
673
632
302
939
595
296
214
-571
373
-850
-29
504
202
-730
33
-147
-853
632
792
-784
142
-113
91
523
-369
609
99
-746
-901
-46
-608
409
-8
-643
-267
-629
-764
-67
944
797
160
460
67
-436
-29
371
971
687
644
-144
-619
-306
-663
299
-53
-846
448
-151
-162
-663
449
-135
-754
-568
577
582
33
847
-700
405
374
709
381
-10
661
638
-578
-240
-717
895
14
976
-998
-805
857
-693
815
863
-297
773
780
290
-241
194
193
-341
-853
73
-168
418
568
-943
-852
-586
-14
-411
404
-36
27
-290
360
-749
115
-154
516
581
806
-216
-743
641
604
442
179
-970
706
108
-592
-519
954
785
-535
752
214
544
502
-100
-555
-720
-844
148
-592
39
-328
-473
-918
758
-762
579
685
660
930
223
885
-654
-746
602
106
-164
660
-959
764
343
738
-110
820
-681
253
-600
-499
-479
488
159
-164
123
280
-18
-929
930
451
-465
147
-584
563
-664
-201
-842
181
156
-318
401
-950
969
-383
808
408
734
856
-105
-196
387
-78
194
185
-410
-270
393
78
-132
263
512
648
-339
744
843
234
-548
378
-525
-152
718
-949
-363
517
390
585
417
447
-697
950
-664
149
824
-251
366
-512
397
657
85
-955
431
857
583
29
288
-580
281
601
-220
-78
-172
-395
-72
-771
187
582
-581
4
339
-461
-512
-877
-737
-888
171
47
-973
353
903
-918
991
252
-344
332
397
-490
-137
-976
-869
-844
525
-990
424
510
294
-617
237
-393
-837
990
173
-671
294
-703
103
-641
-622
-847
-142
-55
-701
621
-48
-652
-977
439
-355
964
448
-700
595
982
-120
241
654
-915
189
-925
-462
788
225
-73
-557
-579
-906
40
582
-365
-115
-320
458
-860
144
-214
-630
-927
256
-50
194
976
-25
-858
-822
-504
-961
-513
-664
814
356
-483
-359
906
-53
476
-889
632
378
70
236
-223
-371
-240
862
-474
-887
237
201
253
-435
-89
841
593
995
343
-59
-53
928
-606
218
-113
154
-930
-597
828
911
-680
560
-514
-248
753
-96
203
283
52
31
-848
-250
-217
451
548
-593
-856
61
73
170
-160
754
178
220
-117
727
707
561
-509
986
-241
696
-582
-894
-26
-58
855
232
-331
21
